(22,10) (43,37) (12,32) (22,35) (6,11) (47,18) (9,42) (36,5) (21,8) (27,7) (9,3) (6,17) (34,23) (11,0) (46,32) (37,31) (12,29) (4,23) (39,5) (10,0)
(14,36) (32,2) (13,28) (36,48) (24,12) (20,37) (26,47) (31,4) (47,30) (40,7) (45,7) (31,10) (9,48) (8,36) (16,11) (13,4) (24,1) (2,45) (20,26) (27,2)
(11,37) (37,5) (5,20) (9,30) (7,4) (16,9) (29,17) (28,22) (3,26) (47,18) (2,36) (9,43) (16,0) (29,4) (40,12) (15,25) (10,48) (16,22) (20,11) (24,41)
(3,34) (8,23) (3,35) (21,39) (15,41) (18,32) (33,47) (42,34) (2,0) (41,3) (39,46) (42,8) (49,37) (31,27) (47,35) (3,16) (13,4) (17,3) (27,0) (14,9)
(40,42) (8,12) (36,43) (3,37) (49,9) (45,34) (33,0) (23,16) (34,5) (21,30) (12,15) (43,31) (26,1) (47,9) (12,40) (16,19) (10,15) (27,9) (48,1) (23,12)
(8,26) (8,49) (1,46) (26,10) (46,24) (9,36) (16,17) (25,3) (9,10) (37,33) (42,0) (20,17) (23,48) (44,47) (47,43) (29,47) (25,18) (37,13) (45,47) (29,16)
(3,48) (41,5) (20,23) (37,47) (23,36) (29,21) (34,39) (1,47) (38,26) (27,9) (34,40) (34,6) (8,41) (39,27) (39,29) (36,30) (16,36) (31,35) (8,39) (47,33)
(35,46) (43,36) (20,35) (3,6) (10,36) (11,32) (17,38) (38,5) (27,4) (48,5) (31,13) (47,4) (40,41) (46,15) (36,20) (30,38) (38,47) (47,43) (33,31) (41,9)
(35,12) (19,29) (45,11) (17,8) (32,33) (17,12) (35,27) (6,44) (11,8) (41,12) (30,45) (34,48) (38,36) (5,6) (8,25) (44,39) (22,14) (0,13) (42,18) (45,39)
(23,2) (16,14) (32,43) (34,44) (0,15) (22,17) (10,11) (6,43) (46,22) (4,35) (43,19) (48,32) (14,33) (46,15) (36,18) (2,47) (36,1) (31,13) (33,49) (27,38)
(27,29) (25,15) (14,31) (24,17) (33,48) (21,19) (8,18) (47,41) (16,9) (13,49) (18,16) (17,7) (46,19) (19,12) (5,33) (37,43) (18,34) (15,27) (29,28) (33,47)
(23,14) (46,44) (12,32) (8,13) (9,0) (48,11) (39,34) (18,37) (36,10) (34,31) (10,29) (30,8) (33,35) (13,7) (0,24) (24,43) (2,25) (22,45) (3,45) (17,13)
(48,24) (18,23) (9,5) (44,41) (5,11) (43,10) (19,0) (2,32) (12,18) (16,42) (2,49) (2,24) (6,41) (14,20) (38,40) (45,6) (3,48) (34,6) (41,8) (7,41)
(45,33) (41,19) (24,26) (34,38) (30,48) (11,34) (8,29) (35,27) (2,44) (44,43) (18,16) (9,6) (38,1) (49,33) (15,43) (18,32) (15,48) (28,37) (38,25) (35,45)
(6,40) (48,23) (25,22) (15,41) (40,7) (14,13) (35,4) (23,45) (33,40) (14,40) (49,24) (6,15) (28,29) (40,1) (36,45) (16,30) (24,7) (18,7) (4,17) (32,27)
(27,24) (48,23) (18,26) (23,7) (14,4) (23,24) (28,12) (17,39) (26,3) (8,23) (47,8) (9,35) (30,0) (39,6) (43,8) (4,9) (39,25) (17,32) (1,13) (49,46)
(24,41) (33,32) (12,5) (28,29) (19,6) (41,3) (43,4) (23,34) (34,31) (46,13) (16,29) (40,11) (37,23) (5,17) (5,19) (15,17) (23,2) (30,4) (49,0) (34,2)
(33,46) (26,16) (33,49) (11,7) (13,19) (39,35) (36,8) (6,3) (10,11) (11,21) (11,43) (23,26) (19,41) (25,40) (45,49) (31,39) (7,14) (18,24) (1,39) (31,34)
(32,24) (27,4) (25,34) (26,8) (47,6) (21,31) (42,32) (25,1) (20,16) (23,17) (3,39) (36,28) (2,45) (25,13) (1,36) (46,31) (13,22) (27,11) (33,0) (34,0)
(0,16) (43,36) (38,30) (40,38) (22,10) (28,31) (40,3) (29,35) (23,22) (47,22) (13,27) (18,0) (29,22) (7,31) (25,21) (22,18) (15,13) (20,37) (44,38) (38,32)
(49,13) (4,47) (23,24) (14,25) (21,27) (34,39) (23,0) (31,48) (18,8) (5,41) (18,30) (1,48) (1,0) (19,5) (46,18) (36,45) (12,5) (49,8) (39,40) (34,5)
(41,35) (8,33) (31,46) (19,43) (27,33) (39,43) (48,44) (10,26) (25,43) (13,45) (8,2) (34,40) (41,2) (31,12) (9,17) (48,1) (19,18) (32,33) (2,27) (24,30)
(24,34) (7,26) (9,32) (32,28) (32,3) (21,20) (8,29) (42,23) (37,12) (35,44) (32,30) (12,10) (46,3) (33,41) (38,23) (11,15) (30,27) (26,30) (44,30) (29,38)
(26,24) (39,28) (18,25) (37,35) (31,43) (7,18) (10,43) (21,12) (10,0) (19,8) (31,7) (30,22) (36,31) (49,38) (5,47) (22,37) (10,14) (39,10) (4,8) (48,0)
(21,30) (25,5) (31,26) (37,7) (18,12) (6,15) (10,23) (28,8) (21,8) (4,0) (15,9) (39,22) (12,2) (34,39) (29,27) (35,13) (49,19) (41,36) (42,43) (47,23)
(21,28) (8,21) (24,14) (32,49) (3,19) (13,0) (12,15) (23,46) (5,46) (18,26) (2,30) (42,27) (7,15) (28,12) (37,40) (30,28) (12,7) (46,12) (22,21) (3,12)
(3,34) (37,38) (10,27) (38,32) (5,26) (35,17) (20,26) (34,23) (34,5) (0,38) (11,27) (40,39) (21,27) (38,30) (47,36) (23,17) (31,6) (37,18) (15,14) (11,0)
(5,2) (32,26) (0,43) (6,0) (19,7) (35,49) (3,27) (24,43) (6,30) (17,42) (41,8) (0,33) (35,38) (2,15) (9,29) (13,27) (13,9) (27,45) (13,2) (35,10)
(9,27) (34,15) (39,4) (30,44) (7,30) (1,7) (21,36) (32,19) (30,20) (29,18) (25,20) (42,25) (7,25) (8,6) (26,33) (16,40) (47,29) (7,2) (24,15) (43,32)
(47,38) (41,37) (46,15) (48,9) (2,13) (12,1) (39,13) (23,17) (46,38) (7,3) (6,41) (24,43) (19,1) (5,27) (37,1) (47,35) (22,33) (30,48) (1,22) (8,22)
(41,42) (43,46) (48,27) (35,30) (17,23) (8,48) (37,12) (38,5) (19,45) (5,22) (20,37) (39,40) (29,17) (15,6) (44,47) (32,8) (2,22) (20,13) (37,36) (33,5)
(44,15) (39,27) (6,4) (0,1) (33,15) (8,7) (45,36) (45,47) (16,1) (8,49) (18,32) (14,1) (13,18) (22,12) (18,43) (31,37) (15,13) (47,49) (5,0) (44,16)
(27,15) (42,44) (48,37) (22,24) (18,15) (37,42) (23,29) (16,36) (17,43) (0,42) (33,11) (11,22) (28,24) (26,37) (15,7) (16,3) (49,37) (35,39) (8,6) (2,34)
(46,18) (47,49) (5,39) (47,25) (30,40) (36,12) (18,9) (38,27) (17,21) (33,41) (49,1) (34,3) (37,30) (1,25) (4,34) (35,10) (40,5) (13,18) (30,42) (38,9)
(13,25) (1,9) (11,23) (5,42) (13,46) (27,36) (27,14) (35,30) (17,18) (9,25) (16,31) (19,43) (15,5) (3,23) (35,45) (14,18) (30,4) (39,22) (46,24) (42,9)
(33,43) (16,32) (38,7) (13,29) (44,5) (18,21) (9,5) (36,47) (39,21) (48,46) (11,28) (12,19) (17,28) (30,10) (46,47) (46,17) (13,32) (28,25) (17,31) (30,40)
(5,18) (42,2) (18,19) (45,15) (28,31) (38,25) (32,48) (45,27) (29,16) (33,27) (39,13) (6,37) (35,14) (11,35) (47,49) (43,37) (1,30) (20,37) (22,16) (30,31)
(26,42) (20,23) (42,30) (49,16) (36,40) (22,15) (47,3) (34,43) (41,18) (19,36) (27,44) (25,17) (37,48) (35,26) (47,22) (41,38) (26,39) (32,47) (4,34) (13,19)
(34,37) (19,8) (1,20) (18,13) (1,36) (20,23) (5,48) (35,19) (12,27) (34,18) (25,36) (25,12) (35,16) (49,1) (4,39) (13,22) (7,44) (21,18) (23,41) (22,19)
(8,9) (7,41) (45,32) (43,37) (45,46) (46,18) (18,8) (6,15) (23,16) (9,18) (26,5) (25,10) (3,4) (33,44) (29,23) (9,32) (2,35) (1,31) (39,45) (36,43)
(23,46) (12,5) (3,15) (38,1) (42,25) (35,23) (44,40) (18,39) (35,12) (39,23) (34,3) (12,1) (49,41) (42,48) (33,24) (6,41) (46,30) (5,43) (32,15) (23,20)
(47,29) (34,17) (44,35) (4,0) (12,1) (41,44) (11,28) (36,42) (35,18) (44,42) (12,17) (39,31) (14,26) (30,5) (24,4) (37,1) (0,44) (29,26) (31,5) (6,31)
(4,25) (23,49) (6,19) (18,23) (39,23) (4,14) (10,18) (5,16) (32,43) (28,8) (8,43) (47,32) (26,24) (5,48) (10,38) (36,27) (28,32) (31,44) (4,43) (21,25)
(24,46) (12,8) (34,25) (36,3) (17,47) (27,23) (32,30) (4,19) (27,4) (32,33) (32,36) (14,3) (21,11) (4,6) (47,27) (44,42) (4,36) (22,32) (1,40) (4,26)
(22,48) (24,18) (20,30) (11,13) (7,40) (19,12) (13,5) (18,12) (25,0) (48,6) (36,44) (14,27) (9,31) (18,4) (17,8) (10,13) (34,32) (36,25) (8,47) (10,38)
(47,10) (23,17) (29,4) (17,47) (33,38) (36,9) (9,29) (17,28) (8,39) (29,5) (46,35) (5,20) (31,29) (14,36) (31,38) (4,17) (20,1) (31,46) (6,7) (27,12)
(17,12) (24,21) (27,7) (44,14) (15,33) (0,36) (24,8) (37,33) (9,11) (4,37) (11,39) (20,23) (48,6) (45,22) (12,27) (46,49) (0,2) (18,37) (20,9) (18,7)
(36,7) (3,2) (17,3) (48,19) (41,30) (9,2) (19,28) (30,49) (23,39) (20,33) (7,30) (25,14) (25,23) (30,6) (24,26) (38,12) (47,35) (7,19) (13,19) (17,30)
(26,10) (14,41) (49,39) (45,26) (7,10) (43,9) (11,34) (23,11) (44,8) (24,26) (43,36) (21,22) (10,1) (35,4) (35,20) (3,33) (47,45) (21,38) (47,16) (24,32)
(42,2) (42,44) (31,32) (5,14) (23,35) (8,7) (1,31) (46,7) (26,48) (44,47) (39,4) (42,48) (32,40) (35,42) (18,6) (32,43) (34,32) (39,17) (27,6) (48,1)
(2,27) (47,19) (13,5) (2,11) (21,37) (12,20) (34,11) (29,26) (23,5) (32,22) (15,5) (36,30) (16,34) (41,8) (48,13) (46,30) (49,22) (30,28) (16,20) (38,37)
(29,22) (35,15) (33,38) (11,30) (0,2) (45,4) (22,48) (25,41) (40,23) (6,0) (22,47) (47,36) (8,46) (40,43) (15,26) (16,49) (45,13) (4,12) (27,36) (42,30)
(44,41) (25,20) (11,16) (15,32) (23,25) (30,47) (49,12) (25,18) (8,40) (36,2) (36,11) (4,29) (30,36) (7,46) (23,22) (21,20) (31,29) (27,17) (35,17) (26,46)
(47,46) (15,44) (27,12) (18,37) (12,20) (34,30) (8,12) (40,35) (4,23) (46,23) (13,9) (19,3) (28,8) (38,23) (47,29) (24,45) (17,30) (44,23) (19,34) (9,5)
(17,27) (8,0) (8,33) (38,12) (11,38) (46,45) (5,11) (46,36) (10,39) (0,38) (1,15) (12,43) (33,9) (3,19) (35,46) (43,47) (31,8) (49,45) (16,49) (47,18)
(42,15) (30,48) (30,35) (9,17) (11,37) (22,7) (36,17) (37,21) (38,6) (4,27) (4,35) (15,44) (23,14) (22,11) (5,9) (34,3) (13,0) (28,10) (27,3) (25,6)
(14,42) (10,13) (8,34) (37,2) (34,38) (35,46) (12,43) (2,38) (25,27) (17,10) (25,3) (26,35) (3,8) (21,27) (1,44) (43,37) (14,16) (45,26) (19,28) (39,31)
(10,25) (9,1) (34,44) (1,41) (43,3) (8,24) (37,25) (19,15) (20,23) (25,0) (14,16) (46,1) (20,18) (30,28) (7,44) (22,43) (32,25) (12,11) (47,1) (11,17)
(37,47) (36,14) (19,26) (17,24) (6,40) (23,49) (13,12) (36,20) (24,10) (39,34) (29,39) (11,40) (1,42) (22,7) (1,0) (36,6) (44,48) (33,48) (23,9) (41,2)
(38,12) (32,47) (17,13) (6,22) (48,27) (32,19) (31,45) (14,31) (49,18) (3,42) (40,25) (24,31) (0,24) (40,35) (19,30) (23,3) (43,8) (8,44) (25,11) (45,34)
(25,30) (6,30) (10,13) (9,45) (36,2) (36,35) (42,17) (13,9) (46,47) (48,11) (48,49) (17,37) (10,24) (40,37) (7,26) (15,18) (45,48) (30,2) (21,10) (8,48)
(12,42) (3,38) (23,47) (33,14) (4,10) (0,47) (12,6) (32,26) (14,44) (5,13) (35,48) (34,14) (20,23) (46,4) (13,37) (19,8) (43,19) (20,35) (17,14) (41,8)
(23,43) (14,2) (48,2) (9,26) (36,11) (17,28) (41,47) (29,19) (47,16) (18,8) (12,31) (13,33) (13,26) (43,1) (22,15) (44,38) (9,3) (10,12) (31,34) (49,44)
(6,36) (7,13) (13,33) (6,38) (43,4) (38,9) (15,6) (26,18) (35,38) (5,33) (49,25) (28,21) (15,26) (2,43) (5,40) (8,34) (41,45) (17,27) (16,19) (21,32)
(17,23) (24,6) (5,22) (39,33) (28,32) (39,20) (27,10) (45,25) (1,17) (46,16) (12,45) (24,20) (13,48) (22,19) (4,35) (38,18) (11,46) (19,25) (37,26) (8,43)
(13,40) (45,22) (33,26) (38,47) (24,7) (7,48) (21,27) (33,35) (11,46) (1,18) (20,30) (23,7) (5,34) (7,14) (15,10) (1,3) (1,36) (47,20) (11,39) (13,37)
(31,25) (47,35) (32,12) (31,48) (27,7) (4,46) (8,23) (35,20) (34,14) (18,19) (45,2) (14,30) (5,35) (44,10) (44,42) (38,39) (11,40) (46,6) (42,26) (13,1)
(15,14) (4,2) (11,19) (30,37) (33,14) (19,4) (45,3) (48,6) (45,38) (47,29) (45,23) (29,27) (27,23) (43,25) (49,23) (47,24) (46,15) (2,40) (19,41) (18,44)
(2,40) (25,27) (49,25) (6,27) (32,37) (45,35) (40,6) (42,7) (40,22) (31,10) (31,37) (29,38) (11,31) (22,34) (10,2) (2,24) (10,49) (4,11) (48,0) (0,25)
(11,1) (31,0) (6,41) (22,11) (45,47) (20,9) (16,19) (10,21) (20,33) (38,28) (48,36) (25,1) (47,6) (35,9) (45,17) (31,21) (7,4) (4,23) (12,15) (47,18)
(10,26) (6,7) (41,31) (24,4) (40,3) (11,0) (16,0) (38,16) (19,46) (6,34) (9,35) (15,36) (13,28) (8,19) (25,30) (8,15) (46,1) (13,39) (49,32) (21,24)
(43,11) (30,32) (13,43) (26,3) (46,4) (23,34) (9,24) (3,23) (44,24) (40,43) (3,11) (3,10) (37,30) (17,38) (11,41) (2,48) (6,44) (2,46) (42,26) (7,15)
(24,33) (26,22) (38,1) (24,9) (35,3) (24,39) (42,17) (37,30) (18,14) (46,4) (16,19) (43,0) (24,21) (6,38) (5,20) (47,38) (9,19) (10,12) (31,26) (6,43)
(11,46) (11,0) (5,14) (0,23) (18,43) (43,46) (12,28) (34,9) (42,31) (12,7) (45,23) (40,46) (17,14) (41,44) (23,17) (42,43) (20,25) (39,18) (38,48) (19,25)
(17,12) (23,26) (40,0) (9,26) (43,32) (39,11) (19,5) (41,18) (48,5) (34,19) (3,0) (32,13) (30,20) (19,8) (21,31) (4,23) (3,12) (39,25) (18,20) (29,37)
(41,47) (45,2) (15,32) (49,39) (44,32) (30,12) (8,45) (44,39) (23,41) (6,15) (47,0) (19,17) (35,45) (39,32) (11,22) (5,31) (37,15) (23,6) (33,18) (49,36)
(12,3) (31,5) (35,33) (12,45) (26,45) (35,37) (24,38) (32,25) (11,24) (35,19) (13,0) (12,16) (30,20) (33,13) (14,15) (8,27) (5,13) (19,25) (44,43) (9,25)
(26,36) (41,35) (11,49) (27,9) (3,45) (25,18) (3,23) (19,8) (5,18) (44,47) (10,42) (9,13) (31,44) (33,41) (34,46) (37,4) (38,44) (44,40) (34,18) (31,26)
(15,12) (6,19) (5,32) (33,20) (26,12) (14,36) (10,0) (32,17) (21,18) (18,24) (10,13) (45,41) (18,29) (24,9) (36,37) (3,15) (45,36) (46,9) (13,3) (32,40)
(37,44) (34,43) (1,9) (25,35) (31,19) (11,5) (35,41) (37,35) (44,49) (23,2) (11,49) (39,7) (16,9) (4,45) (48,25) (32,48) (13,29) (43,9) (15,36) (3,16)
(37,33) (18,47) (12,6) (0,35) (22,48) (34,14) (34,36) (49,48) (8,37) (39,25) (27,45) (26,15) (10,27) (38,12) (48,19) (15,46) (26,46) (37,0) (35,37) (32,10)
(32,20) (18,12) (45,48) (0,35) (46,36) (23,6) (13,17) (36,6) (48,46) (10,16) (31,29) (19,10) (25,40) (1,43) (15,17) (49,4) (31,47) (17,8) (26,27) (14,42)
(22,32) (36,28) (6,18) (0,30) (44,18) (25,46) (5,27) (8,22) (49,39) (39,34) (49,12) (20,27) (7,32) (13,23) (37,38) (36,5) (36,46) (31,12) (36,6) (0,10)
(20,23) (49,0) (35,41) (36,14) (41,2) (37,48) (8,27) (45,19) (9,11) (26,15) (7,4) (5,17) (48,32) (38,13) (7,1) (3,11) (34,22) (4,22) (9,16) (22,20)
(30,21) (33,49) (10,28) (12,46) (37,41) (7,47) (48,10) (3,17) (3,32) (47,44) (41,8) (11,1) (11,39) (1,23) (40,3) (31,14) (48,36) (8,22) (4,2) (7,42)
(38,2) (11,49) (24,40) (25,34) (11,48) (9,35) (13,48) (7,15) (36,47) (23,40) (13,26) (14,25) (11,14) (5,17) (10,36) (0,35) (17,29) (13,23) (13,6) (29,5)
(3,5) (21,17) (31,46) (23,15) (4,24) (5,8) (4,0) (1,11) (22,25) (23,11) (10,1) (13,45) (46,18) (49,33) (15,41) (46,11) (4,25) (12,23) (27,22) (18,29)
(2,34) (46,0) (28,11) (16,31) (4,7) (1,39) (44,19) (36,38) (18,30) (5,32) (46,38) (22,43) (34,37) (22,38) (17,4) (41,38) (6,22) (12,46) (32,42) (1,31)
(27,20) (17,4) (45,8) (39,15) (26,35) (34,24) (1,39) (42,30) (39,10) (10,3) (10,31) (5,32) (19,38) (15,30) (10,0) (45,39) (47,41) (15,36) (3,41) (48,4)
(46,16) (33,29) (36,15) (47,33) (5,46) (34,31) (22,38) (44,37) (40,15) (20,47) (0,46) (18,38) (11,12) (35,1) (46,34) (6,17) (28,26) (38,32) (36,11) (48,27)
(13,21) (4,40) (17,46) (11,46) (30,15) (11,31) (32,12) (25,47) (36,45) (18,37) (32,35) (10,23) (45,40) (43,36) (22,7) (4,48) (2,31) (37,3) (30,38) (43,4)
(13,41) (19,4) (32,19) (9,34) (33,47) (15,2) (3,4) (30,45) (12,27) (7,41) (18,2) (30,47) (33,12) (45,1) (1,32) (47,44) (44,5) (15,26) (23,28) (45,6)
(7,41) (15,46) (24,14) (24,3) (48,40) (24,36) (34,13) (17,13) (11,29) (8,17) (42,38) (9,11) (13,1) (11,7) (37,35) (2,36) (43,5) (16,43) (20,26) (30,17)
(17,10) (25,20) (6,33) (16,44) (24,2) (22,34) (14,23) (19,32) (36,23) (43,10) (36,18) (16,39) (46,19) (0,24) (31,16) (24,49) (17,38) (33,7) (23,32) (10,38)
(46,7) (22,45) (33,40) (42,36) (15,46) (19,27) (8,45) (4,40) (5,23) (47,44) (36,2) (40,44) (45,27) (11,5) (13,7) (26,20) (15,8) (3,1) (45,18) (26,17)
(42,25) (6,9) (8,20) (25,30) (22,10) (45,42) (14,37) (32,47) (29,20) (12,25) (32,2) (30,38) (9,45) (6,42) (27,35) (26,37) (45,38) (17,9) (47,46) (26,45)
(27,1) (12,36) (23,12) (36,14) (45,0) (34,13) (8,33) (1,13) (25,32) (28,12) (25,38) (12,38) (1,2) (1,38) (5,18) (19,44) (36,24) (27,10) (39,12) (2,35)
(7,35) (31,7) (19,18) (41,38) (48,35) (37,26) (16,18) (19,21) (19,3) (44,1) (13,44) (41,15) (42,34) (0,24) (5,23) (46,17) (22,17) (0,43) (13,25) (28,38)
(33,48) (6,0) (36,32) (19,48) (22,15) (48,15) (3,45) (44,47) (32,18) (44,27) (37,39) (46,3) (24,44) (12,29) (1,48) (15,32) (43,41) (13,15) (22,25) (43,15)
(47,8) (22,41) (9,29) (32,26) (11,24) (18,29) (8,29) (46,26) (23,29) (7,35) (34,44) (3,44) (48,24) (48,19) (37,6) (9,18) (27,14) (27,25) (33,24) (8,9)
