(97,80) (10,131) (31,30) (32,25) (35,83) (77,68) (53,123) (57,64) (97,105) (31,91) (84,124) (30,58) (81,67) (3,87) (5,154) (105,7) (16,19) (17,101) (99,121) (130,125)
(84,56) (116,108) (72,141) (79,125) (132,1) (100,80) (37,58) (124,131) (4,81) (84,14) (102,4) (32,117) (51,148) (148,124) (44,4) (68,81) (52,128) (13,85) (58,39) (59,122)
(34,7) (132,41) (64,145) (86,48) (24,114) (133,27) (12,16) (49,8) (157,40) (31,131) (118,26) (31,34) (134,139) (39,100) (152,8) (1,100) (56,37) (144,129) (155,132) (119,7)
(47,20) (7,106) (34,83) (147,99) (100,15) (153,152) (38,117) (145,147) (14,67) (157,72) (9,2) (79,147) (74,88) (34,51) (142,43) (128,78) (140,152) (92,89) (112,115) (1,18)
(113,95) (12,59) (156,4) (130,56) (84,131) (33,54) (151,110) (104,102) (56,123) (94,92) (153,70) (75,73) (75,115) (117,8) (109,98) (27,108) (122,121) (65,128) (33,90) (0,11)
(6,47) (137,141) (154,137) (97,9) (30,10) (150,154) (138,86) (58,38) (151,153) (25,90) (94,93) (57,120) (74,49) (10,100) (140,82) (117,35) (14,17) (8,21) (82,102) (90,66)
(51,128) (57,123) (143,137) (109,139) (119,14) (109,49) (50,30) (35,1) (16,106) (103,101) (21,85) (130,19) (105,77) (116,67) (138,24) (84,107) (3,60) (102,77) (101,66) (0,116)
(8,106) (8,4) (77,71) (6,5) (104,19) (140,109) (54,22) (109,9) (59,51) (128,63) (26,118) (5,46) (51,127) (116,66) (116,83) (81,48) (128,122) (118,68) (140,44) (126,50)
(95,113) (32,26) (70,77) (80,107) (8,70) (136,111) (2,86) (80,134) (50,10) (121,144) (86,109) (68,143) (2,46) (80,69) (85,77) (9,114) (113,76) (66,114) (142,60) (21,136)
(85,5) (0,3) (38,23) (21,15) (101,114) (9,20) (58,125) (0,21) (133,0) (117,118) (13,123) (7,103) (118,107) (100,18) (38,114) (23,55) (104,18) (152,140) (56,37) (113,72)
(18,19) (129,78) (150,111) (123,122) (76,109) (143,141) (45,46) (105,119) (20,71) (155,142) (121,123) (150,9) (7,11) (134,155) (21,80) (53,128) (148,149) (96,127) (124,36) (36,7)
(113,72) (47,49) (94,70) (109,70) (39,30) (21,152) (84,56) (9,67) (55,52) (138,4) (11,109) (26,119) (18,104) (122,32) (136,142) (156,143) (138,134) (76,110) (132,109) (96,51)
(21,101) (95,68) (35,117) (141,76) (6,42) (1,134) (73,94) (20,95) (13,11) (109,20) (93,154) (18,31) (52,124) (116,81) (152,134) (73,135) (125,30) (125,34) (9,92) (152,119)
(142,69) (101,9) (152,110) (9,137) (8,3) (13,10) (118,7) (144,146) (14,109) (132,102) (21,2) (77,88) (32,118) (4,85) (141,70) (151,80) (54,57) (21,116) (116,101) (157,68)
(5,137) (86,8) (102,5) (120,62) (5,60) (76,77) (151,141) (109,49) (154,151) (135,74) (100,86) (31,15) (139,2) (149,125) (14,85) (5,47) (39,84) (119,117) (87,68) (67,77)
(154,137) (81,85) (51,129) (17,106) (131,18) (82,26) (33,131) (106,14) (9,80) (25,26) (138,21) (149,30) (151,85) (91,21) (150,72) (56,38) (36,10) (120,149) (56,148) (116,31)
(14,15) (7,152) (135,156) (85,138) (93,110) (118,69) (156,48) (21,4) (102,139) (11,16) (69,135) (34,118) (99,121) (73,113) (118,24) (6,76) (68,150) (78,59) (32,117) (140,48)
(57,36) (148,128) (36,55) (114,31) (2,138) (6,87) (80,138) (137,2) (101,33) (132,48) (93,135) (7,76) (69,8) (44,5) (85,66) (1,20) (94,110) (151,141) (37,30) (100,14)
(57,53) (37,29) (101,15) (157,142) (24,15) (38,31) (39,29) (118,117) (77,20) (129,122) (132,49) (0,69) (112,72) (79,62) (0,86) (125,34) (150,60) (151,70) (122,12) (6,141)
(130,13) (133,100) (90,39) (127,128) (66,36) (51,56) (101,20) (7,154) (133,109) (132,156) (99,57) (2,138) (77,69) (150,155) (105,138) (57,53) (133,152) (92,74) (33,8) (77,67)
(72,20) (71,151) (133,102) (24,135) (25,0) (48,81) (118,80) (125,30) (75,157) (95,72) (80,49) (106,10) (21,85) (11,31) (111,89) (132,85) (108,114) (29,52) (126,127) (130,123)
(123,53) (125,149) (38,30) (137,136) (135,20) (26,24) (46,3) (149,123) (89,88) (156,68) (32,59) (68,9) (108,66) (46,157) (32,27) (132,27) (10,86) (151,119) (29,28) (148,50)
(27,24) (39,130) (116,37) (61,71) (118,19) (153,68) (58,124) (41,137) (97,66) (151,134) (101,0) (153,9) (32,52) (151,92) (147,99) (98,27) (79,125) (149,125) (148,129) (113,68)
(96,131) (156,46) (88,73) (2,4) (50,120) (9,21) (116,30) (65,79) (152,3) (109,11) (88,111) (32,21) (13,82) (83,35) (69,60) (152,142) (23,59) (32,122) (34,118) (7,100)
(39,59) (150,72) (134,133) (57,38) (0,102) (132,1) (69,7) (9,25) (118,80) (44,46) (43,143) (156,154) (149,51) (100,138) (143,151) (51,57) (72,137) (8,9) (133,1) (142,46)
(48,2) (71,135) (70,109) (140,82) (18,20) (107,133) (76,111) (27,97) (103,133) (82,27) (6,21) (104,116) (39,84) (57,28) (127,57) (103,105) (2,8) (69,139) (67,31) (7,104)
(114,35) (109,105) (5,60) (35,0) (28,55) (50,59) (119,21) (67,0) (0,118) (143,142) (117,109) (46,77) (11,33) (96,57) (112,88) (150,140) (21,72) (119,39) (109,7) (135,155)
(153,143) (59,124) (155,157) (118,116) (139,47) (108,20) (111,150) (141,142) (27,104) (83,118) (24,39) (61,3) (3,153) (62,99) (134,49) (4,134) (75,150) (100,85) (51,52) (94,151)
(49,41) (6,153) (132,68) (8,5) (135,141) (140,141) (105,118) (73,77) (73,49) (115,89) (22,36) (12,127) (107,18) (151,94) (135,41) (126,122) (11,104) (138,21) (140,7) (4,2)
(87,143) (7,85) (14,9) (12,57) (27,32) (106,103) (127,30) (68,73) (119,80) (114,21) (17,84) (71,69) (36,83) (1,5) (27,105) (7,118) (3,86) (0,97) (126,121) (77,134)
(33,10) (57,120) (32,26) (8,100) (119,104) (133,19) (7,1) (138,136) (148,56) (120,99) (142,6) (106,81) (97,80) (52,57) (108,105) (75,111) (93,9) (76,143) (141,136) (33,53)
(21,26) (105,100) (76,5) (104,9) (30,120) (22,53) (76,115) (117,34) (85,101) (111,112) (136,21) (81,140) (130,15) (54,59) (129,52) (2,118) (27,86) (8,7) (99,57) (95,74)
(135,6) (124,34) (37,39) (16,19) (133,103) (75,76) (7,12) (82,105) (156,61) (5,154) (155,5) (110,151) (39,91) (139,41) (9,67) (68,75) (125,148) (18,10) (135,141) (100,8)
(54,124) (2,141) (20,142) (151,60) (66,33) (21,24) (97,116) (49,70) (151,75) (141,154) (69,81) (57,37) (153,142) (63,120) (78,30) (103,119) (77,92) (136,61) (30,51) (128,13)
(100,106) (3,80) (156,4) (124,13) (51,34) (24,10) (74,113) (135,153) (86,4) (101,116) (137,21) (108,90) (110,20) (3,150) (114,24) (84,107) (64,120) (19,100) (108,77) (64,146)
(59,32) (90,34) (124,11) (18,50) (27,105) (9,76) (67,103) (12,51) (58,56) (53,124) (78,30) (73,151) (87,157) (53,29) (15,7) (92,141) (139,109) (48,6) (8,100) (81,106)
(21,152) (157,75) (20,141) (41,44) (20,18) (55,56) (7,114) (97,101) (102,2) (16,12) (54,52) (124,56) (59,128) (92,76) (33,51) (156,61) (36,23) (140,1) (101,8) (2,48)
(96,56) (123,131) (132,103) (137,132) (120,125) (1,117) (11,50) (96,50) (52,54) (85,2) (34,97) (40,156) (21,70) (110,135) (24,1) (85,103) (62,130) (64,146) (122,57) (0,67)
(151,71) (45,20) (10,100) (9,116) (11,119) (48,102) (30,107) (76,115) (140,68) (81,132) (53,32) (18,133) (1,116) (80,81) (109,152) (116,132) (148,123) (77,81) (141,102) (1,85)
(3,49) (2,109) (77,27) (85,10) (24,66) (154,8) (36,55) (51,52) (104,14) (47,142) (150,135) (32,85) (52,56) (0,26) (70,111) (68,9) (86,116) (117,90) (104,21) (11,67)
(0,108) (135,134) (34,54) (107,77) (53,84) (97,20) (27,100) (102,118) (64,57) (50,52) (152,118) (151,70) (87,20) (19,27) (8,77) (50,130) (58,124) (109,67) (98,32) (20,143)
(113,95) (141,86) (7,61) (99,121) (75,95) (58,35) (31,51) (110,88) (122,18) (21,138) (26,21) (120,128) (37,53) (27,101) (155,150) (138,86) (51,34) (137,4) (14,7) (152,45)
(128,124) (35,117) (67,97) (55,39) (7,106) (145,79) (32,25) (135,132) (100,35) (140,86) (9,0) (85,13) (100,107) (109,30) (60,6) (88,113) (32,30) (62,51) (123,130) (103,48)
(30,31) (96,121) (96,64) (117,108) (78,121) (21,11) (33,56) (85,117) (20,24) (62,149) (24,33) (103,26) (29,54) (53,52) (132,6) (43,142) (20,156) (9,141) (135,21) (155,142)
(102,109) (145,78) (122,127) (53,58) (18,131) (91,86) (7,133) (133,77) (157,49) (122,130) (156,47) (151,41) (59,12) (57,39) (76,137) (25,82) (125,83) (108,114) (155,135) (28,54)
(132,67) (36,22) (81,104) (75,21) (123,12) (11,102) (49,152) (108,132) (117,32) (155,20) (20,70) (103,132) (119,139) (2,155) (61,86) (124,130) (32,21) (128,31) (154,49) (33,109)
(26,100) (133,82) (89,68) (63,121) (142,92) (154,5) (76,137) (27,32) (101,15) (151,73) (3,77) (73,134) (91,31) (36,13) (7,33) (85,141) (85,86) (67,13) (31,53) (59,129)
(50,56) (107,18) (80,69) (108,81) (35,13) (8,81) (130,78) (11,17) (16,124) (8,139) (46,134) (143,154) (106,35) (106,100) (122,51) (119,35) (106,117) (10,33) (93,154) (151,92)
(107,19) (34,117) (101,14) (69,46) (68,111) (28,59) (57,130) (71,157) (37,28) (37,114) (10,24) (20,45) (72,75) (1,85) (130,30) (46,47) (3,134) (86,81) (68,5) (26,101)
(33,101) (107,131) (6,150) (50,126) (135,152) (19,26) (17,101) (157,93) (2,134) (68,157) (75,73) (32,108) (16,108) (132,24) (34,33) (68,74) (55,53) (113,93) (105,1) (118,90)
(49,73) (85,2) (48,4) (105,4) (150,6) (133,18) (136,61) (18,102) (98,106) (26,66) (27,90) (86,81) (129,65) (112,93) (151,93) (77,80) (136,140) (102,9) (43,143) (122,126)
(128,122) (95,69) (77,153) (78,79) (15,100) (124,52) (85,151) (54,33) (68,69) (81,138) (73,110) (103,35) (127,120) (100,8) (66,85) (102,85) (48,137) (8,18) (120,121) (15,124)
(41,132) (33,100) (118,1) (154,156) (86,150) (91,26) (51,124) (33,124) (66,7) (133,116) (85,26) (3,135) (86,5) (82,12) (10,11) (7,34) (99,123) (0,91) (39,24) (140,109)
(103,48) (128,120) (5,87) (9,49) (35,108) (138,2) (106,82) (100,33) (7,14) (100,66) (137,136) (114,91) (151,8) (54,36) (52,38) (73,136) (53,78) (122,30) (51,59) (33,32)
(0,139) (151,60) (87,60) (56,53) (70,119) (97,67) (54,59) (114,36) (28,29) (127,120) (25,119) (151,68) (139,9) (119,151) (96,78) (86,105) (11,102) (137,45) (105,13) (30,107)
(68,86) (44,48) (35,131) (20,93) (138,152) (10,17) (148,127) (112,68) (128,120) (11,105) (138,132) (82,108) (30,35) (132,46) (19,20) (123,129) (71,61) (143,154) (35,130) (102,104)
(39,57) (7,12) (138,133) (139,157) (38,36) (86,150) (82,1) (17,14) (123,124) (69,139) (7,141) (52,32) (6,46) (71,152) (69,82) (105,117) (153,151) (111,49) (68,151) (58,30)
(150,86) (124,56) (15,7) (2,8) (88,93) (22,37) (114,25) (41,69) (72,92) (9,152) (134,103) (68,103) (77,87) (64,122) (0,69) (101,15) (21,2) (141,3) (8,134) (30,31)
(155,156) (150,21) (11,124) (95,152) (128,83) (26,133) (149,125) (109,100) (6,139) (133,85) (78,58) (143,69) (141,41) (131,33) (102,138) (18,16) (84,117) (151,138) (154,143) (14,30)
(69,111) (106,2) (92,9) (54,125) (81,107) (97,80) (47,20) (84,91) (10,124) (109,106) (109,105) (82,35) (124,36) (18,130) (121,122) (5,80) (56,83) (119,152) (148,127) (153,156)
(21,80) (142,154) (27,25) (69,1) (8,71) (56,50) (93,71) (137,86) (141,138) (133,100) (135,45) (77,73) (60,5) (60,69) (50,57) (132,85) (151,134) (100,14) (59,51) (69,132)
(87,150) (149,128) (31,83) (34,123) (87,135) (99,63) (87,49) (143,3) (100,90) (39,56) (134,68) (97,35) (77,8) (95,115) (110,88) (7,33) (42,135) (24,26) (123,53) (150,60)
(138,100) (138,104) (106,67) (72,93) (27,1) (30,18) (21,0) (73,110) (35,32) (109,101) (116,7) (2,48) (19,130) (137,141) (58,51) (133,18) (155,76) (27,102) (31,91) (133,5)
(86,61) (92,21) (39,58) (134,60) (83,128) (134,9) (78,63) (115,111) (71,92) (0,82) (8,15) (119,3) (96,128) (118,132) (19,16) (6,48) (144,120) (34,56) (39,53) (28,22)
(145,146) (139,151) (6,45) (73,154) (106,2) (155,134) (16,130) (36,55) (104,18) (35,1) (11,21) (98,33) (46,141) (142,151) (152,74) (138,139) (12,67) (69,71) (121,146) (124,10)
(11,85) (76,88) (118,27) (8,77) (115,112) (21,104) (7,101) (60,77) (7,105) (16,105) (85,35) (99,50) (136,154) (132,136) (36,122) (131,39) (76,49) (109,69) (71,68) (24,80)
(152,109) (97,108) (105,141) (2,155) (86,71) (118,135) (119,151) (31,128) (9,90) (124,35) (49,42) (21,49) (9,18) (104,82) (61,92) (61,154) (74,68) (20,27) (6,103) (10,51)
(10,36) (123,99) (64,145) (118,38) (7,70) (34,149) (120,50) (12,116) (30,127) (134,69) (24,77) (42,61) (139,5) (124,149) (108,27) (31,57) (7,9) (109,82) (24,97) (25,82)
(116,105) (102,103) (80,0) (61,154) (4,156) (109,1) (86,135) (85,117) (69,20) (109,18) (1,77) (132,86) (49,119) (126,124) (10,17) (8,9) (151,49) (11,19) (86,119) (32,54)
(39,54) (110,74) (139,2) (84,34) (124,149) (151,88) (26,138) (78,30) (21,134) (9,140) (7,67) (103,140) (149,127) (104,81) (132,106) (102,85) (61,4) (47,48) (12,7) (86,102)
(156,136) (139,7) (46,20) (87,42) (145,65) (68,45) (53,31) (102,85) (151,85) (52,129) (7,13) (97,117) (15,67) (156,47) (156,77) (85,15) (49,135) (77,60) (129,130) (54,50)
(5,3) (69,9) (97,8) (116,106) (77,118) (66,27) (23,36) (142,46) (6,2) (109,136) (85,107) (7,19) (139,45) (69,154) (39,59) (93,111) (157,47) (9,93) (5,46) (136,76)
(13,131) (73,88) (139,86) (53,34) (124,36) (83,57) (84,123) (118,38) (116,98) (34,50) (9,8) (2,141) (25,114) (141,49) (105,7) (68,24) (124,62) (33,37) (142,21) (31,131)
(89,76) (121,63) (70,141) (119,114) (52,53) (80,133) (12,149) (151,20) (111,94) (47,49) (41,135) (134,75) (23,83) (24,97) (135,24) (109,16) (110,76) (33,85) (54,56) (157,150)
(82,116) (109,105) (86,104) (71,8) (64,127) (76,153) (141,49) (66,97) (55,34) (85,140) (9,102) (77,86) (46,156) (119,91) (18,15) (22,57) (5,85) (100,91) (101,102) (82,151)
(103,67) (24,34) (104,14) (81,24) (143,68) (135,4) (27,25) (118,9) (0,133) (7,136) (127,30) (119,117) (2,155) (130,10) (118,114) (124,50) (80,86) (131,14) (68,153) (124,148)
(113,88) (153,154) (0,97) (50,32) (12,38) (84,39) (1,68) (38,119) (153,69) (95,73) (76,77) (57,124) (119,68) (111,92) (75,93) (21,27) (114,118) (39,34) (9,153) (84,38)
(152,110) (107,100) (157,93) (53,59) (6,47) (3,80) (36,13) (51,56) (116,117) (19,130) (139,137) (104,21) (131,124) (150,9) (30,13) (119,32) (5,43) (67,107) (26,90) (32,117)
(53,55) (100,9) (142,87) (111,69) (94,72) (121,123) (1,102) (119,39) (39,118) (32,12) (106,151) (23,36) (127,79) (133,20) (67,118) (107,12) (82,3) (129,99) (50,32) (30,116)
(38,29) (23,39) (70,21) (128,50) (133,26) (106,27) (10,21) (149,12) (31,91) (45,3) (79,123) (142,6) (2,80) (24,85) (108,105) (144,127) (121,79) (46,157) (128,83) (80,141)
(14,12) (9,25) (149,51) (2,137) (139,47) (82,91) (121,57) (44,47) (83,28) (93,69) (85,68) (12,57) (16,109) (9,80) (27,86) (32,1) (31,18) (49,132) (68,95) (67,30)
(37,118) (128,121) (92,150) (106,20) (151,61) (68,153) (116,12) (149,57) (100,81) (96,129) (47,157) (132,139) (99,64) (69,143) (38,34) (133,106) (27,67) (70,142) (118,109) (80,104)
(123,57) (33,36) (92,73) (16,14) (33,122) (101,91) (92,93) (58,36) (67,85) (64,144) (82,139) (110,76) (119,20) (70,142) (13,67) (124,52) (9,19) (9,108) (68,24) (102,106)
(33,130) (96,126) (156,60) (100,0) (26,7) (33,52) (9,0) (94,89) (109,14) (116,37) (13,109) (81,68) (26,66) (133,6) (70,153) (35,100) (48,143) (5,154) (104,103) (125,79)
(92,137) (151,103) (134,141) (58,55) (85,102) (68,74) (137,139) (32,108) (154,134) (18,84) (41,69) (119,101) (135,5) (26,107) (28,54) (41,138) (103,137) (37,13) (129,79) (8,138)
(60,2) (13,12) (148,129) (116,67) (118,39) (32,106) (57,62) (122,78) (104,100) (139,141) (104,139) (63,128) (90,27) (23,58) (151,109) (68,61) (8,67) (51,34) (108,132) (132,109)
(98,114) (151,138) (128,127) (134,60) (128,129) (50,56) (93,21) (33,91) (54,55) (50,52) (7,70) (82,104) (47,44) (75,110) (27,103) (107,85) (136,44) (137,156) (2,103) (68,106)
(82,77) (9,153) (55,59) (153,152) (118,0) (84,114) (149,123) (139,41) (149,130) (4,86) (29,37) (81,21) (37,50) (58,148) (156,153) (47,6) (7,140) (106,82) (7,34) (68,132)
(13,124) (77,150) (74,68) (56,12) (119,8) (127,148) (103,141) (82,98) (23,59) (24,11) (101,90) (128,131) (119,105) (72,20) (67,97) (27,133) (131,56) (128,121) (111,73) (104,10)
(8,67) (75,136) (16,13) (9,105) (117,37) (116,67) (0,107) (35,130) (118,69) (149,127) (70,153) (3,142) (68,82) (25,66) (106,104) (38,84) (152,141) (13,129) (116,114) (7,139)
(8,138) (8,3) (0,114) (114,100) (66,117) (103,157) (151,69) (98,114) (106,69) (127,52) (128,53) (8,135) (134,68) (28,23) (35,98) (130,128) (56,83) (26,101) (123,54) (10,101)
(29,55) (140,85) (107,77) (36,38) (113,112) (39,38) (107,15) (1,91) (32,85) (96,57) (37,55) (16,12) (133,86) (28,22) (12,34) (47,3) (77,133) (17,14) (53,57) (53,34)
(129,58) (111,70) (133,35) (68,143) (157,6) (143,5) (26,100) (103,47) (123,31) (103,4) (35,24) (87,43) (33,31) (74,134) (154,61) (114,109) (132,109) (118,30) (14,67) (20,106)
(136,41) (39,34) (144,96) (116,31) (37,118) (111,75) (123,51) (57,51) (32,85) (56,63) (100,21) (71,136) (115,89) (154,49) (118,102) (126,62) (65,128) (77,150) (67,15) (107,119)
(24,69) (75,94) (66,114) (53,131) (127,54) (84,52) (93,151) (129,10) (86,91) (90,114) (69,60) (118,104) (66,24) (143,21) (127,99) (102,4) (148,12) (20,93) (7,14) (135,2)
(133,9) (141,143) (51,13) (72,113) (93,95) (142,134) (157,133) (6,77) (12,51) (7,71) (3,81) (86,154) (74,49) (13,18) (73,71) (58,129) (92,77) (54,59) (157,4) (60,136)
(20,157) (84,36) (98,21) (115,68) (102,0) (59,128) (2,103) (60,76) (88,113) (92,61) (147,145) (136,46) (13,108) (100,24) (69,86) (109,100) (149,127) (85,82) (140,85) (0,85)
(0,102) (136,132) (65,62) (76,8) (70,77) (134,135) (36,34) (33,108) (20,154) (17,108) (116,31) (2,21) (90,119) (24,27) (150,7) (157,140) (71,73) (99,62) (66,100) (150,3)
(141,105) (99,127) (69,138) (119,116) (1,4) (132,1) (9,6) (93,134) (37,91) (68,154) (51,54) (127,52) (98,116) (67,86) (28,57) (39,122) (100,101) (119,11) (98,9) (131,127)
(130,56) (103,3) (102,11) (111,77) (116,66) (125,31) (67,85) (51,57) (157,87) (120,79) (85,68) (151,45) (138,104) (114,85) (141,76) (32,101) (68,150) (135,4) (140,5) (43,143)
