0.1205
0.1041
0.1150
0.1238
0.1127
0.1167
0.1046
0.1205
0.1143
0.1095
0.1135
0.1370
0.1249
0.1092
0.1104
0.1183
0.1200
0.1131
0.1116
0.1165
0.1272
0.1100
0.1071
0.1235
0.1051
0.1082
0.1036
0.1296
0.1037
0.1164
0.1206
0.1074
0.1141
0.1044
0.1085
0.1122
0.1132
0.1074
0.1260
0.1114
0.1227
0.1127
0.1196
0.1084
0.1097
0.1013
0.1038
0.1061
0.1046
0.1012
0.1009
0.1028
0.1053
0.1037
0.1011
0.1055
0.1007
0.1001
0.1067
0.1035
0.1010
0.1005
0.1006
0.1084
0.1033
0.1009
0.1005
0.1047
0.1099
0.1015
0.1034
0.1040
0.1017
0.1086
0.1030
0.1009
0.1014
0.1150
0.1220
0.1061
0.1140
0.1138
0.1105
0.1051
0.1138
0.1129
0.1045
0.1079
0.1049
0.1067
0.1031
0.1056
0.1131
0.1080
0.1033
0.1018
0.1020
0.1081
0.1207
0.1083
