0.4618852138519287
0.37036824226379395
0.38183116912841797
0.3506770133972168
0.37326645851135254
0.3389105796813965
0.34803342819213867
0.3732454776763916
0.368133544921875
0.3674130439758301
0.342756986618042
0.3583943843841553
0.36684608459472656
0.4759559631347656
0.3635246753692627
0.46871376037597656
0.37201738357543945
0.36689233779907227
0.35947394371032715
0.37584996223449707
0.3837711811065674
0.3718600273132324
0.3755180835723877
0.40222692489624023
0.3857142925262451
0.43565988540649414
0.4857215881347656
0.4547429084777832
0.35100626945495605
0.36936020851135254
0.3846311569213867
0.37645459175109863
0.411052942276001
0.4003334045410156
0.372913122177124
0.4296910762786865
0.3683278560638428
0.41211771965026855
0.37457799911499023
0.3512251377105713
0.37049245834350586
0.394359827041626
0.38021349906921387
0.36794567108154297
0.36684679985046387
0.4323556423187256
0.4669778347015381
0.4237070083618164
0.3581879138946533
0.35352492332458496
0.36188840866088867
0.3468160629272461
0.3605384826660156
0.4437413215637207
0.34619712829589844
0.36133241653442383
0.3531913757324219
0.348954439163208
0.3297128677368164
0.3418893814086914
0.33661770820617676
0.4240877628326416
0.35161733627319336
0.3356499671936035
0.38262033462524414
0.41970181465148926
0.34755563735961914
0.3354978561401367
0.34046149253845215
0.33344078063964844
0.33039283752441406
0.4251132011413574
0.3705134391784668
0.32680630683898926
0.41390037536621094
0.3304579257965088
0.3423936367034912
0.3401663303375244
0.3782637119293213
0.3492898941040039
0.3414192199707031
0.3742802143096924
0.34020185470581055
0.41628122329711914
0.35825610160827637
0.3524305820465088
0.4093434810638428
0.3364450931549072
0.327883243560791
0.4253883361816406
0.3465712070465088
0.34775876998901367
0.42586541175842285
0.33948278427124023
0.33063578605651855
0.3388211727142334
0.34676599502563477
0.3432750701904297
0.3467411994934082
0.3679928779602051
