0.9656517505645752
0.5806920528411865
0.6729912757873535
0.6053242683410645
0.5469667911529541
0.5707535743713379
0.5695562362670898
1.1286604404449463
0.6430902481079102
0.5904409885406494
0.5296962261199951
1.1011192798614502
0.5606117248535156
0.5753796100616455
0.5703966617584229
0.5674307346343994
0.9873921871185303
1.051152229309082
0.5926713943481445
0.5704560279846191
0.5553114414215088
0.5778195858001709
0.5841517448425293
1.0291121006011963
0.5415773391723633
0.630927562713623
0.9241385459899902
0.9818248748779297
0.5532851219177246
0.532012939453125
1.4875216484069824
0.5531651973724365
0.918248176574707
0.9034979343414307
0.6218900680541992
0.6178064346313477
0.9179868698120117
1.039808988571167
0.5745458602905273
0.8167121410369873
0.5889542102813721
1.0505919456481934
0.6302123069763184
1.0326635837554932
0.9454691410064697
0.628162145614624
0.9767665863037109
0.5895354747772217
0.915313720703125
0.6505095958709717
0.536104679107666
0.5990931987762451
0.5553467273712158
0.9657237529754639
1.051283597946167
0.6000146865844727
0.5715551376342773
0.6292376518249512
0.6736226081848145
1.932298183441162
0.53830885887146
0.5879483222961426
0.667407751083374
0.5454504489898682
0.9892184734344482
1.080132007598877
0.5611057281494141
0.5647995471954346
0.6443994045257568
0.6068949699401855
0.5714740753173828
0.6413507461547852
0.567183256149292
0.6049971580505371
1.0070359706878662
0.6733112335205078
0.6148333549499512
0.8605489730834961
0.8769514560699463
1.2318644523620605
0.5591261386871338
0.5926852226257324
0.6518628597259521
0.8963460922241211
0.559438943862915
0.6559023857116699
0.5960822105407715
0.5308260917663574
0.520399808883667
0.5556464195251465
0.5356993675231934
0.5811827182769775
0.6017277240753174
0.5477519035339355
0.6001882553100586
0.5095682144165039
0.5241239070892334
0.638397216796875
0.5684423446655273
0.5792462825775146
